
R=[1 1 0;
   0 1 1;
   0 0 1];

H=[1 0 1 1 1 0 0;
   0 1 0 1 1 1 0;
   0 0 1 0 1 1 1];

Q=[1 0 0 0 0 0 0;
   0 1 0 0 0 0 0;
   0 0 1 0 0 0 0;
   0 0 0 1 0 0 0;
   0 0 0 0 1 0 0;
   0 0 0 0 0 1 0;
   0 0 0 0 0 0 1];
    
R' * H * Q

