
Hc=[1 0 1 1 1 0 0;
    0 1 0 1 1 1 0;
    0 0 1 0 1 1 1];

Vc=[1 0 0 0;
    1 1 0 0;
    0 1 1 0;
    1 0 1 1;
    0 1 0 1;
    0 0 1 0;
    0 0 0 1];

R=[1 1 0;
   0 1 1;
   0 0 1];

Q=[0 0 1 0 0 0 0;
   1 0 0 0 0 0 0;
   0 0 0 1 0 0 0;
   0 1 0 0 0 0 0;
   0 0 0 0 1 0 0;
   0 0 0 0 0 1 0;
   0 0 0 0 0 0 1];

S=[0 0 1 0;
   1 0 1 0;
   1 0 1 1;
   1 1 0 1];

H = R' * Hc * Q
V = Q' * Vc * S

R1=[1 1 1;
    0 1 1;
    0 0 1];

H1 = R1' * H * Q'
V1 = Q * V


